Vehicles
    Bicycle 4
    Truck 20
Hubs
    H1 1 2
    H2 4 4
    H3 2 2
    H4 0 8
    H5 1 2
    H6 10 10
    H7 4 4
    H8 7 8
    H9 0 18
Edges
    0 1 1
    0 2 2
    0 3 1
    0 4 2
    0 5 3
    0 6 2
    0 7 3
    0 8 4
    1 2 1
    1 3 2
    1 4 1
    1 5 2
    1 6 3
    1 7 2
    1 8 3
    2 3 3
    2 4 2
    2 5 1
    2 6 4
    2 7 3
    2 8 2
    3 4 3
    3 5 2
    3 6 1
    3 7 2
    3 8 3
    4 5 1
    4 6 2
    4 7 1
    4 8 2
    5 6 3
    5 7 2
    5 8 1
    6 7 1
    6 8 2
    7 8 1