Vehicles
    Bicycle 4
    Truck 20
    SpaceShip 100
Hubs
    H0 7 23
    H1 2 10
    H2 6 3
    H3 20 4
    H4 3 2
    H5 13 10
    H6 6 6
    H7 6 24
    H8 0 18
    H9 4 4
    H10 2 20
    H11 1 9
    H12 1 12
Edges
    0 1 1
    0 2 2
    0 3 7
    0 4 3
    0 5 2
    0 6 2
    0 7 6
    0 8 4
    0 9 4
    0 10 1
    0 11 3
    0 12 8
    1 2 5
    1 3 4
    1 4 6
    1 5 2
    1 6 3
    1 7 9
    1 8 5
    1 9 4
    1 10 1
    1 11 4
    1 12 4
    2 3 6
    2 4 3
    2 5 8
    2 6 5
    2 7 5
    2 8 7
    2 9 5
    2 10 8
    2 11 5
    2 12 6
    3 4 6
    3 5 9
    3 6 11
    3 7 4
    3 8 5
    3 9 2
    3 10 8
    3 11 6
    3 12 6
    4 5 4
    4 6 5
    4 7 2
    4 8 3
    4 9 1
    4 10 4
    4 11 5
    4 12 8
    5 6 2
    5 7 5
    5 8 6
    5 9 4
    5 10 6
    5 11 8
    5 12 7
    6 7 3
    6 8 4
    6 9 6
    6 10 1
    6 11 3
    6 12 8
    7 8 3
    7 9 4
    7 10 7
    7 11 5
    7 12 5
    8 9 7
    8 10 1
    8 11 3
    8 12 6
    9 10 12
    9 11 5
    9 12 7
    10 11 3
    10 12 9
    11 12 4